#No.   Fermi energy(eV)   SHC((hbar/e)*S/cm)
   1     5.561700   -0.79322505E+02
   2     5.571700   -0.81606553E+02
   3     5.581700   -0.83973150E+02
   4     5.591700   -0.86035927E+02
   5     5.601700   -0.86403105E+02
   6     5.611700   -0.87262439E+02
   7     5.621700   -0.90016586E+02
   8     5.631700   -0.92509638E+02
   9     5.641700   -0.93669044E+02
  10     5.651700   -0.95008443E+02
  11     5.661700   -0.97463021E+02
  12     5.671700   -0.99628925E+02
  13     5.681700   -0.10171652E+03
  14     5.691700   -0.10235338E+03
  15     5.701700   -0.10364859E+03
  16     5.711700   -0.10554892E+03
  17     5.721700   -0.10797574E+03
  18     5.731700   -0.10838887E+03
  19     5.741700   -0.10931541E+03
  20     5.751700   -0.11125908E+03
  21     5.761700   -0.11350335E+03
  22     5.771700   -0.11396352E+03
  23     5.781700   -0.11543792E+03
  24     5.791700   -0.11600713E+03
  25     5.801700   -0.11873894E+03
  26     5.811700   -0.12108029E+03
  27     5.821700   -0.12210683E+03
  28     5.831700   -0.12314094E+03
  29     5.841700   -0.12409528E+03
  30     5.851700   -0.12598134E+03
  31     5.861700   -0.12744801E+03
  32     5.871700   -0.12838887E+03
  33     5.881700   -0.12940426E+03
  34     5.891700   -0.13018226E+03
  35     5.901700   -0.13255064E+03
  36     5.911700   -0.13383567E+03
  37     5.921700   -0.13555522E+03
  38     5.931700   -0.13775528E+03
  39     5.941700   -0.13791084E+03
  40     5.951700   -0.13848778E+03
  41     5.961700   -0.14135007E+03
  42     5.971700   -0.14269885E+03
  43     5.981700   -0.14404338E+03
  44     5.991700   -0.14603881E+03
  45     6.001700   -0.14541159E+03
  46     6.011700   -0.14834582E+03
  47     6.021700   -0.15012812E+03
  48     6.031700   -0.15166454E+03
  49     6.041700   -0.15148707E+03
  50     6.051700   -0.15317381E+03
  51     6.061700   -0.15542450E+03
  52     6.071700   -0.15689312E+03
  53     6.081700   -0.15918579E+03
  54     6.091700   -0.15969885E+03
  55     6.101700   -0.16242404E+03
  56     6.111700   -0.16399297E+03
  57     6.121700   -0.16574342E+03
  58     6.131700   -0.16608185E+03
  59     6.141700   -0.16875588E+03
  60     6.151700   -0.17072975E+03
  61     6.161700   -0.17288152E+03
  62     6.171700   -0.17370810E+03
  63     6.181700   -0.17675272E+03
  64     6.191700   -0.17873849E+03
  65     6.201700   -0.18102113E+03
  66     6.211700   -0.18391345E+03
  67     6.221700   -0.18591234E+03
  68     6.231700   -0.18682922E+03
  69     6.241700   -0.19066661E+03
  70     6.251700   -0.19306826E+03
  71     6.261700   -0.19613090E+03
  72     6.271700   -0.19834241E+03
  73     6.281700   -0.20331373E+03
  74     6.291700   -0.20543346E+03
  75     6.301700   -0.20788316E+03
  76     6.311700   -0.21117024E+03
  77     6.321700   -0.21622594E+03
  78     6.331700   -0.22151571E+03
  79     6.341700   -0.22682806E+03
  80     6.351700   -0.22874077E+03
  81     6.361700   -0.23219707E+03
  82     6.371700   -0.23759791E+03
  83     6.381700   -0.24341831E+03
  84     6.391700   -0.24854434E+03
  85     6.401700   -0.25437388E+03
  86     6.411700   -0.26338942E+03
  87     6.421700   -0.26971346E+03
  88     6.431700   -0.27721898E+03
  89     6.441700   -0.28508311E+03
  90     6.451700   -0.29467013E+03
  91     6.461700   -0.30120750E+03
  92     6.471700   -0.30642112E+03
  93     6.481700   -0.31494873E+03
  94     6.491700   -0.32731756E+03
  95     6.501700   -0.33825855E+03
  96     6.511700   -0.33843620E+03
  97     6.521700   -0.34702570E+03
  98     6.531700   -0.35834720E+03
  99     6.541700   -0.37428157E+03
 100     6.551700   -0.38691685E+03
 101     6.561700   -0.39632427E+03
 102     6.571700   -0.41115177E+03
 103     6.581700   -0.41581396E+03
 104     6.591700   -0.42333837E+03
 105     6.601700   -0.43777509E+03
 106     6.611700   -0.44825621E+03
 107     6.621700   -0.46732853E+03
 108     6.631700   -0.47214851E+03
 109     6.641700   -0.45933326E+03
 110     6.651700   -0.40807972E+03
 111     6.661700   -0.33324308E+03
 112     6.671700   -0.29080975E+03
 113     6.681700   -0.26326727E+03
 114     6.691700   -0.24352233E+03
 115     6.701700   -0.22846199E+03
 116     6.711700   -0.21086256E+03
 117     6.721700   -0.19597194E+03
 118     6.731700   -0.18417088E+03
 119     6.741700   -0.16643960E+03
 120     6.751700   -0.15585529E+03
 121     6.761700   -0.14604330E+03
 122     6.771700   -0.13436997E+03
 123     6.781700   -0.12089040E+03
 124     6.791700   -0.10938386E+03
 125     6.801700   -0.93957853E+02
 126     6.811700   -0.79421735E+02
 127     6.821700   -0.66443230E+02
 128     6.831700   -0.57444389E+02
 129     6.841700   -0.45028114E+02
 130     6.851700   -0.38539406E+02
 131     6.861700   -0.33072663E+02
 132     6.871700   -0.26095364E+02
 133     6.881700   -0.21343289E+02
 134     6.891700   -0.18296331E+02
 135     6.901700   -0.10762878E+02
 136     6.911700   -0.68905920E+01
 137     6.921700   -0.44167343E+01
 138     6.931700    0.76555344E+00
 139     6.941700    0.43660496E+01
 140     6.951700    0.63424724E+01
 141     6.961700    0.13645776E+02
 142     6.971700    0.16993121E+02
 143     6.981700    0.21263325E+02
 144     6.991700    0.26899496E+02
 145     7.001700    0.26996412E+02
 146     7.011700    0.32141773E+02
 147     7.021700    0.41854870E+02
 148     7.031700    0.48076071E+02
 149     7.041700    0.55526207E+02
 150     7.051700    0.56437629E+02
 151     7.061700    0.67615927E+02
 152     7.071700    0.78940057E+02
 153     7.081700    0.82681896E+02
 154     7.091700    0.92726040E+02
 155     7.101700    0.10393984E+03
 156     7.111700    0.11612134E+03
 157     7.121700    0.13285630E+03
 158     7.131700    0.14919311E+03
 159     7.141700    0.16186052E+03
 160     7.151700    0.18730548E+03
 161     7.161700    0.20406299E+03
 162     7.171700    0.23138824E+03
 163     7.181700    0.26465566E+03
 164     7.191700    0.29803195E+03
 165     7.201700    0.32039552E+03
 166     7.211700    0.34476707E+03
 167     7.221700    0.33428284E+03
 168     7.231700    0.31460055E+03
 169     7.241700    0.29063731E+03
 170     7.251700    0.24225108E+03
 171     7.261700    0.19755804E+03
 172     7.271700    0.15027758E+03
 173     7.281700    0.96758122E+02
 174     7.291700    0.57249014E+02
 175     7.301700    0.20804118E+02
 176     7.311700    0.99911318E+01
 177     7.321700    0.34947761E+01
 178     7.331700    0.34268872E+01
 179     7.341700    0.34066296E+00
 180     7.351700   -0.59896166E+01
 181     7.361700   -0.28037310E+01
 182     7.371700   -0.19302148E+00
 183     7.381700    0.84067105E+01
 184     7.391700    0.16122119E+02
 185     7.401700    0.29336929E+02
 186     7.411700    0.36723345E+02
 187     7.421700    0.31130888E+02
 188     7.431700    0.37144575E+02
 189     7.441700    0.70084647E+02
 190     7.451700    0.80812879E+02
 191     7.461700    0.83174897E+02
 192     7.471700    0.63857560E+02
 193     7.481700    0.36983174E+02
 194     7.491700    0.11236703E+02
 195     7.501700   -0.75281215E+01
 196     7.511700   -0.21415077E+02
 197     7.521700   -0.40936972E+02
 198     7.531700   -0.50244629E+02
 199     7.541700   -0.62106884E+02
 200     7.551700   -0.77183449E+02
 201     7.561700   -0.92132047E+02
 202     7.571700   -0.10342347E+03
 203     7.581700   -0.12096743E+03
 204     7.591700   -0.13955006E+03
 205     7.601700   -0.16597190E+03
 206     7.611700   -0.19581108E+03
 207     7.621700   -0.25032776E+03
 208     7.631700   -0.32722843E+03
 209     7.641700   -0.36223382E+03
 210     7.651700   -0.38170758E+03
 211     7.661700   -0.39689460E+03
 212     7.671700   -0.38506453E+03
 213     7.681700   -0.36710230E+03
 214     7.691700   -0.34088459E+03
 215     7.701700   -0.32456623E+03
 216     7.711700   -0.31007019E+03
 217     7.721700   -0.29560092E+03
 218     7.731700   -0.27867918E+03
 219     7.741700   -0.26387897E+03
 220     7.751700   -0.25833468E+03
 221     7.761700   -0.24248503E+03
 222     7.771700   -0.22166179E+03
 223     7.781700   -0.20379746E+03
 224     7.791700   -0.20352074E+03
 225     7.801700   -0.21609128E+03
 226     7.811700   -0.24932678E+03
 227     7.821700   -0.25551858E+03
 228     7.831700   -0.27999449E+03
 229     7.841700   -0.29486630E+03
 230     7.851700   -0.31515287E+03
 231     7.861700   -0.31906972E+03
 232     7.871700   -0.33293292E+03
 233     7.881700   -0.34196993E+03
 234     7.891700   -0.34296003E+03
 235     7.901700   -0.33671023E+03
 236     7.911700   -0.31765177E+03
 237     7.921700   -0.30404573E+03
 238     7.931700   -0.29146101E+03
 239     7.941700   -0.27328886E+03
 240     7.951700   -0.24583065E+03
 241     7.961700   -0.22139918E+03
 242     7.971700   -0.19799594E+03
 243     7.981700   -0.17365757E+03
 244     7.991700   -0.13090698E+03
 245     8.001700   -0.61112329E+02
 246     8.011700   -0.30098965E+02
 247     8.021700   -0.16002925E+02
 248     8.031700   -0.12095704E+02
 249     8.041700   -0.13095239E+02
 250     8.051700   -0.14110099E+02
 251     8.061700   -0.28473071E+02
 252     8.071700   -0.46100364E+02
 253     8.081700   -0.60889695E+02
 254     8.091700   -0.85146879E+02
 255     8.101700   -0.13188094E+03
 256     8.111700   -0.14720087E+03
 257     8.121700   -0.14789812E+03
 258     8.131700   -0.14331133E+03
 259     8.141700   -0.13073555E+03
 260     8.151700   -0.12684583E+03
 261     8.161700   -0.12349915E+03
 262     8.171700   -0.11186284E+03
 263     8.181700   -0.10698257E+03
 264     8.191700   -0.94032197E+02
 265     8.201700   -0.92249023E+02
 266     8.211700   -0.87140440E+02
 267     8.221700   -0.83369736E+02
 268     8.231700   -0.74381813E+02
 269     8.241700   -0.71224279E+02
 270     8.251700   -0.68564694E+02
 271     8.261700   -0.62501027E+02
 272     8.271700   -0.59119054E+02
 273     8.281700   -0.47566923E+02
 274     8.291700   -0.47727135E+02
 275     8.301700   -0.45713826E+02
 276     8.311700   -0.42770948E+02
 277     8.321700   -0.34566992E+02
 278     8.331700   -0.30778528E+02
 279     8.341700   -0.29951913E+02
 280     8.351700   -0.22057713E+02
 281     8.361700   -0.16643688E+02
 282     8.371700   -0.12697516E+02
 283     8.381700   -0.11480314E+02
 284     8.391700   -0.68682450E+01
 285     8.401700    0.64653057E+01
 286     8.411700    0.48033156E+01
 287     8.421700    0.78627742E+01
 288     8.431700    0.12570576E+02
 289     8.441700    0.20027370E+02
 290     8.451700    0.23005281E+02
 291     8.461700    0.27959304E+02
 292     8.471700    0.35923283E+02
 293     8.481700    0.38342000E+02
 294     8.491700    0.44150631E+02
 295     8.501700    0.46740435E+02
 296     8.511700    0.46587256E+02
 297     8.521700    0.47447533E+02
 298     8.531700    0.40335135E+02
 299     8.541700    0.33197967E+02
 300     8.551700    0.26067652E+02
 301     8.561700    0.21830464E+02
 302     8.571700    0.13895950E+02
 303     8.581700    0.78407426E+01
 304     8.591700    0.72613617E+01
 305     8.601700    0.71727130E+01
 306     8.611700    0.70235164E+01
 307     8.621700    0.68885750E+01
 308     8.631700    0.66929703E+01
 309     8.641700    0.65874309E+01
 310     8.651700    0.65199260E+01
 311     8.661700    0.63824357E+01
 312     8.671700    0.62487725E+01
 313     8.681700    0.61445821E+01
 314     8.691700    0.60271740E+01
 315     8.701700    0.59867848E+01
 316     8.711700    0.58912854E+01
 317     8.721700    0.58354749E+01
 318     8.731700    0.57401517E+01
 319     8.741700    0.56254561E+01
 320     8.751700    0.55425809E+01
 321     8.761700    0.54267976E+01
 322     8.771700    0.53904321E+01
 323     8.781700    0.52872591E+01
 324     8.791700    0.52201065E+01
 325     8.801700    0.51773510E+01
 326     8.811700    0.51116320E+01
 327     8.821700    0.50542659E+01
 328     8.831700    0.50266651E+01
 329     8.841700    0.49825964E+01
 330     8.851700    0.49320623E+01
 331     8.861700    0.48652619E+01
 332     8.871700    0.48285147E+01
 333     8.881700    0.47643960E+01
 334     8.891700    0.47519510E+01
 335     8.901700    0.47049621E+01
 336     8.911700    0.46649210E+01
 337     8.921700    0.46263924E+01
 338     8.931700    0.45777586E+01
 339     8.941700    0.45576647E+01
 340     8.951700    0.45336275E+01
 341     8.961700    0.45048792E+01
 342     8.971700    0.44867768E+01
 343     8.981700    0.44589626E+01
 344     8.991700    0.44423543E+01
 345     9.001700    0.44226446E+01
 346     9.011700    0.44195840E+01
 347     9.021700    0.44057846E+01
 348     9.031700    0.43877163E+01
 349     9.041700    0.43657799E+01
 350     9.051700    0.43442729E+01
 351     9.061700    0.43316985E+01
 352     9.071700    0.43187732E+01
 353     9.081700    0.43152918E+01
 354     9.091700    0.43133553E+01
 355     9.101700    0.43036892E+01
 356     9.111700    0.42982809E+01
 357     9.121700    0.42938304E+01
 358     9.131700    0.42920942E+01
 359     9.141700    0.42886559E+01
 360     9.151700    0.42884421E+01
 361     9.161700    0.42945260E+01
 362     9.171700    0.42941426E+01
 363     9.181700    0.42930617E+01
 364     9.191700    0.42965273E+01
 365     9.201700    0.43022488E+01
 366     9.211700    0.43102992E+01
 367     9.221700    0.43103896E+01
 368     9.231700    0.43158863E+01
 369     9.241700    0.43286311E+01
 370     9.251700    0.43384840E+01
 371     9.261700    0.43499319E+01
 372     9.271700    0.43526125E+01
 373     9.281700    0.43620120E+01
 374     9.291700    0.43758588E+01
 375     9.301700    0.43839249E+01
 376     9.311700    0.43978248E+01
 377     9.321700    0.44069511E+01
 378     9.331700    0.44225187E+01
 379     9.341700    0.44430649E+01
 380     9.351700    0.44553826E+01
 381     9.361700    0.44643257E+01
 382     9.371700    0.44860709E+01
 383     9.381700    0.45022082E+01
 384     9.391700    0.45230775E+01
 385     9.401700    0.45523940E+01
 386     9.411700    0.45635314E+01
 387     9.421700    0.45718557E+01
 388     9.431700    0.45951292E+01
 389     9.441700    0.46168117E+01
 390     9.451700    0.46424406E+01
 391     9.461700    0.46527293E+01
 392     9.471700    0.46747740E+01
 393     9.481700    0.46957731E+01
 394     9.491700    0.47266511E+01
 395     9.501700    0.47350949E+01
 396     9.511700    0.47545453E+01
 397     9.521700    0.47842966E+01
 398     9.531700    0.48064743E+01
 399     9.541700    0.48319635E+01
 400     9.551700    0.48547102E+01
 401     9.561700    0.48856946E+01
 402     9.571700    0.49049285E+01
 403     9.581700    0.49396362E+01
 404     9.591700    0.49573047E+01
 405     9.601700    0.49906937E+01
 406     9.611700    0.50068775E+01
 407     9.621700    0.50508167E+01
 408     9.631700    0.50698117E+01
 409     9.641700    0.50888367E+01
 410     9.651700    0.51166050E+01
 411     9.661700    0.51380292E+01
 412     9.671700    0.51553645E+01
 413     9.681700    0.51824893E+01
 414     9.691700    0.52198931E+01
 415     9.701700    0.52512861E+01
 416     9.711700    0.52771027E+01
 417     9.721700    0.53125729E+01
 418     9.731700    0.53329343E+01
 419     9.741700    0.53712954E+01
 420     9.751700    0.53932718E+01
 421     9.761700    0.54421811E+01
 422     9.771700    0.54600908E+01
 423     9.781700    0.54827758E+01
 424     9.791700    0.55208927E+01
 425     9.801700    0.55314051E+01
 426     9.811700    0.55674037E+01
 427     9.821700    0.56187668E+01
 428     9.831700    0.56400062E+01
 429     9.841700    0.56725906E+01
 430     9.851700    0.56906329E+01
 431     9.861700    0.57095133E+01
 432     9.871700    0.57516378E+01
 433     9.881700    0.57822884E+01
 434     9.891700    0.58065638E+01
 435     9.901700    0.58482032E+01
 436     9.911700    0.58787327E+01
 437     9.921700    0.59103240E+01
 438     9.931700    0.59473042E+01
 439     9.941700    0.59869611E+01
 440     9.951700    0.60107378E+01
 441     9.961700    0.60415557E+01
 442     9.971700    0.60732692E+01
 443     9.981700    0.60942486E+01
 444     9.991700    0.61430513E+01
 445    10.001700    0.61625891E+01
 446    10.011700    0.61851299E+01
 447    10.021700    0.62284215E+01
 448    10.031700    0.62470741E+01
 449    10.041700    0.62864137E+01
 450    10.051700    0.63172007E+01
 451    10.061700    0.63494764E+01
 452    10.071700    0.63957700E+01
 453    10.081700    0.64296148E+01
 454    10.091700    0.64563456E+01
 455    10.101700    0.64950936E+01
 456    10.111700    0.65240364E+01
 457    10.121700    0.65444641E+01
 458    10.131700    0.65786531E+01
 459    10.141700    0.66119011E+01
 460    10.151700    0.66504579E+01
 461    10.161700    0.66927484E+01
 462    10.171700    0.67124118E+01
 463    10.181700    0.67436963E+01
 464    10.191700    0.67648607E+01
 465    10.201700    0.68103500E+01
 466    10.211700    0.68465137E+01
 467    10.221700    0.68702721E+01
 468    10.231700    0.68939552E+01
 469    10.241700    0.69292166E+01
 470    10.251700    0.69562166E+01
 471    10.261700    0.70139696E+01
 472    10.271700    0.70399760E+01
 473    10.281700    0.70772524E+01
 474    10.291700    0.71107812E+01
 475    10.301700    0.71444201E+01
 476    10.311700    0.71682625E+01
 477    10.321700    0.72007379E+01
 478    10.331700    0.72328328E+01
 479    10.341700    0.72563490E+01
 480    10.351700    0.72938742E+01
 481    10.361700    0.73282779E+01
 482    10.371700    0.73552161E+01
 483    10.381700    0.73866954E+01
 484    10.391700    0.74092831E+01
 485    10.401700    0.74496047E+01
 486    10.411700    0.74899778E+01
 487    10.421700    0.75200232E+01
 488    10.431700    0.75553972E+01
 489    10.441700    0.75836566E+01
 490    10.451700    0.76090711E+01
 491    10.461700    0.76511605E+01
 492    10.471700    0.76826943E+01
 493    10.481700    0.77043759E+01
 494    10.491700    0.77302383E+01
 495    10.501700    0.77628811E+01
 496    10.511700    0.78027106E+01
 497    10.521700    0.78315410E+01
 498    10.531700    0.78691379E+01
 499    10.541700    0.78947226E+01
 500    10.551700    0.79173397E+01
 501    10.561700    0.79330098E+01
 502    10.571700    0.79825869E+01
 503    10.581700    0.80168844E+01
 504    10.591700    0.80335742E+01
 505    10.601700    0.80689695E+01
 506    10.611700    0.81018943E+01
 507    10.621700    0.81292116E+01
 508    10.631700    0.81691382E+01
 509    10.641700    0.81985356E+01
 510    10.651700    0.82187963E+01
 511    10.661700    0.82640554E+01
 512    10.671700    0.82890111E+01
 513    10.681700    0.83171174E+01
 514    10.691700    0.83297605E+01
 515    10.701700    0.83595990E+01
 516    10.711700    0.83871273E+01
 517    10.721700    0.84127185E+01
 518    10.731700    0.84534108E+01
 519    10.741700    0.84766749E+01
 520    10.751700    0.85129000E+01
 521    10.761700    0.85364930E+01
 522    10.771700    0.85647140E+01
 523    10.781700    0.85935528E+01
 524    10.791700    0.86270088E+01
 525    10.801700    0.86594614E+01
 526    10.811700    0.86776836E+01
 527    10.821700    0.87034219E+01
 528    10.831700    0.87308620E+01
 529    10.841700    0.87439495E+01
 530    10.851700    0.87778874E+01
 531    10.861700    0.88058524E+01
 532    10.871700    0.88247870E+01
 533    10.881700    0.88558337E+01
 534    10.891700    0.88954914E+01
 535    10.901700    0.89159921E+01
 536    10.911700    0.89479896E+01
 537    10.921700    0.89685842E+01
 538    10.931700    0.89943168E+01
 539    10.941700    0.90129118E+01
 540    10.951700    0.90387149E+01
 541    10.961700    0.90688188E+01
 542    10.971700    0.90926744E+01
 543    10.981700    0.91115180E+01
 544    10.991700    0.91371336E+01
 545    11.001700    0.91586808E+01
 546    11.011700    0.91844596E+01
 547    11.021700    0.91990277E+01
 548    11.031700    0.92272329E+01
 549    11.041700    0.92629034E+01
 550    11.051700    0.92857744E+01
 551    11.061700    0.93035130E+01
 552    11.071700    0.93183762E+01
 553    11.081700    0.93541664E+01
 554    11.091700    0.93788859E+01
 555    11.101700    0.94005724E+01
 556    11.111700    0.94186296E+01
 557    11.121700    0.94324935E+01
 558    11.131700    0.94573083E+01
 559    11.141700    0.94810307E+01
 560    11.151700    0.94993494E+01
 561    11.161700    0.95142221E+01
 562    11.171700    0.95419909E+01
 563    11.181700    0.95663058E+01
 564    11.191700    0.95782772E+01
 565    11.201700    0.96015844E+01
 566    11.211700    0.96173723E+01
 567    11.221700    0.96378144E+01
 568    11.231700    0.96565617E+01
 569    11.241700    0.96778456E+01
 570    11.251700    0.96954396E+01
 571    11.261700    0.97069645E+01
 572    11.271700    0.97244698E+01
 573    11.281700    0.97488156E+01
 574    11.291700    0.97623700E+01
 575    11.301700    0.97828914E+01
 576    11.311700    0.98010383E+01
 577    11.321700    0.98126833E+01
 578    11.331700    0.98309680E+01
 579    11.341700    0.98446930E+01
 580    11.351700    0.98555711E+01
 581    11.361700    0.98726850E+01
 582    11.371700    0.98861592E+01
 583    11.381700    0.99064835E+01
 584    11.391700    0.99216267E+01
 585    11.401700    0.99333022E+01
 586    11.411700    0.99480825E+01
 587    11.421700    0.99591707E+01
 588    11.431700    0.99724622E+01
 589    11.441700    0.99833591E+01
 590    11.451700    0.99969914E+01
 591    11.461700    0.10009213E+02
 592    11.471700    0.10018843E+02
 593    11.481700    0.10027711E+02
 594    11.491700    0.10041641E+02
 595    11.501700    0.10051246E+02
 596    11.511700    0.10063223E+02
 597    11.521700    0.10072665E+02
 598    11.531700    0.10087389E+02
 599    11.541700    0.10092015E+02
 600    11.551700    0.10107674E+02
 601    11.561700    0.10115975E+02
