#No.   Fermi energy(eV)   SHC((hbar/e)*S/cm)
   1     8.337100    0.52000063E+02
   2     8.347100    0.54996143E+02
   3     8.357100    0.48316592E+02
   4     8.367100    0.48012143E+02
   5     8.377100    0.45943354E+02
   6     8.387100    0.45626737E+02
   7     8.397100    0.46006188E+02
   8     8.407100    0.46399604E+02
   9     8.417100    0.46456579E+02
  10     8.427100    0.45610080E+02
  11     8.437100    0.46395317E+02
  12     8.447100    0.43998610E+02
  13     8.457100    0.43975189E+02
  14     8.467100    0.42799937E+02
  15     8.477100    0.41240378E+02
  16     8.487100    0.40045542E+02
  17     8.497100    0.37623291E+02
  18     8.507100    0.37014615E+02
  19     8.517100    0.34279742E+02
  20     8.527100    0.32361818E+02
  21     8.537100    0.30642249E+02
  22     8.547100    0.28906919E+02
  23     8.557100    0.27837826E+02
  24     8.567100    0.26029902E+02
  25     8.577100    0.23669695E+02
  26     8.587100    0.19790671E+02
  27     8.597100    0.14194452E+02
  28     8.607100    0.10495881E+02
  29     8.617100    0.10333878E+02
  30     8.627100    0.10135990E+02
  31     8.637100    0.99451241E+01
  32     8.647100    0.97830206E+01
  33     8.657100    0.96586854E+01
  34     8.667100    0.94930674E+01
  35     8.677100    0.93958841E+01
  36     8.687100    0.92789467E+01
  37     8.697100    0.91609471E+01
  38     8.707100    0.90352679E+01
  39     8.717100    0.89320875E+01
  40     8.727100    0.88110291E+01
  41     8.737100    0.87070249E+01
  42     8.747100    0.86083050E+01
  43     8.757100    0.85334348E+01
  44     8.767100    0.84393874E+01
  45     8.777100    0.83902297E+01
  46     8.787100    0.83088989E+01
  47     8.797100    0.82029381E+01
  48     8.807100    0.81365276E+01
  49     8.817100    0.80698078E+01
  50     8.827100    0.79992780E+01
  51     8.837100    0.79543077E+01
  52     8.847100    0.78871264E+01
  53     8.857100    0.78676976E+01
  54     8.867100    0.78120976E+01
  55     8.877100    0.77375553E+01
  56     8.887100    0.77130622E+01
  57     8.897100    0.76830535E+01
  58     8.907100    0.76184914E+01
  59     8.917100    0.75716511E+01
  60     8.927100    0.75450098E+01
  61     8.937100    0.75195397E+01
  62     8.947100    0.74891404E+01
  63     8.957100    0.74687103E+01
  64     8.967100    0.74143620E+01
  65     8.977100    0.73996838E+01
  66     8.987100    0.73817524E+01
  67     8.997100    0.73635065E+01
  68     9.007100    0.73393526E+01
  69     9.017100    0.73190057E+01
  70     9.027100    0.73002220E+01
  71     9.037100    0.72921107E+01
  72     9.047100    0.72737651E+01
  73     9.057100    0.72704122E+01
  74     9.067100    0.72600790E+01
  75     9.077100    0.72476385E+01
  76     9.087100    0.72380648E+01
  77     9.097100    0.72266112E+01
  78     9.107100    0.72186651E+01
  79     9.117100    0.72169994E+01
  80     9.127100    0.72048233E+01
  81     9.137100    0.71867880E+01
  82     9.147100    0.71970291E+01
  83     9.157100    0.71954352E+01
  84     9.167100    0.71972769E+01
  85     9.177100    0.72000439E+01
  86     9.187100    0.71946749E+01
  87     9.197100    0.71944620E+01
  88     9.207100    0.71844357E+01
  89     9.217100    0.71874111E+01
  90     9.227100    0.71888116E+01
  91     9.237100    0.71812065E+01
  92     9.247100    0.71758051E+01
  93     9.257100    0.71727575E+01
  94     9.267100    0.71736264E+01
  95     9.277100    0.71676500E+01
  96     9.287100    0.71661657E+01
  97     9.297100    0.71629688E+01
  98     9.307100    0.71548923E+01
  99     9.317100    0.71482332E+01
 100     9.327100    0.71379385E+01
 101     9.337100    0.71110525E+01
 102     9.347100    0.71130650E+01
 103     9.357100    0.70934473E+01
 104     9.367100    0.70930492E+01
 105     9.377100    0.70676698E+01
 106     9.387100    0.70631849E+01
 107     9.397100    0.70370104E+01
 108     9.407100    0.70206483E+01
 109     9.417100    0.70011595E+01
 110     9.427100    0.69643682E+01
 111     9.437100    0.69171507E+01
 112     9.447100    0.69028908E+01
 113     9.457100    0.68419908E+01
 114     9.467100    0.68011574E+01
 115     9.477100    0.67374248E+01
 116     9.487100    0.66797820E+01
 117     9.497100    0.66101879E+01
 118     9.507100    0.65455271E+01
 119     9.517100    0.64475064E+01
 120     9.527100    0.63582193E+01
 121     9.537100    0.61549376E+01
 122     9.547100    0.60472535E+01
 123     9.557100    0.59556165E+01
 124     9.567100    0.58011808E+01
 125     9.577100    0.56249678E+01
 126     9.587100    0.53734860E+01
 127     9.597100    0.51120768E+01
 128     9.607100    0.47474150E+01
 129     9.617100    0.42696564E+01
 130     9.627100    0.38011642E+01
 131     9.637100    0.30909763E+01
 132     9.647100    0.27855566E+01
 133     9.657100    0.24147111E+01
 134     9.667100    0.21674094E+01
 135     9.677100    0.17769210E+01
 136     9.687100    0.15197963E+01
 137     9.697100    0.13375773E+01
 138     9.707100    0.11060530E+01
 139     9.717100    0.71338834E+00
 140     9.727100    0.46808746E+00
 141     9.737100    0.18082517E+00
 142     9.747100    0.13068640E+00
 143     9.757100   -0.19674642E+00
 144     9.767100   -0.54058136E+00
 145     9.777100   -0.74259697E+00
 146     9.787100   -0.87098586E+00
 147     9.797100   -0.93767724E+00
 148     9.807100   -0.12398297E+01
 149     9.817100   -0.14604526E+01
 150     9.827100   -0.20490861E+01
 151     9.837100   -0.21217101E+01
 152     9.847100   -0.21777331E+01
 153     9.857100   -0.22283903E+01
 154     9.867100   -0.24208904E+01
 155     9.877100   -0.26995759E+01
 156     9.887100   -0.30188812E+01
 157     9.897100   -0.32161349E+01
 158     9.907100   -0.33156827E+01
 159     9.917100   -0.35951816E+01
 160     9.927100   -0.37527497E+01
 161     9.937100   -0.37776208E+01
 162     9.947100   -0.39239250E+01
 163     9.957100   -0.43734125E+01
 164     9.967100   -0.44815107E+01
 165     9.977100   -0.45441867E+01
 166     9.987100   -0.46598687E+01
 167     9.997100   -0.47897413E+01
 168    10.007100   -0.51795077E+01
 169    10.017100   -0.52453814E+01
 170    10.027100   -0.55469075E+01
 171    10.037100   -0.55965785E+01
 172    10.047100   -0.56652602E+01
 173    10.057100   -0.58144908E+01
 174    10.067100   -0.58918845E+01
 175    10.077100   -0.60637911E+01
 176    10.087100   -0.61689188E+01
 177    10.097100   -0.65765287E+01
 178    10.107100   -0.66089301E+01
 179    10.117100   -0.67410968E+01
 180    10.127100   -0.68158915E+01
 181    10.137100   -0.69625918E+01
 182    10.147100   -0.70665431E+01
 183    10.157100   -0.72431367E+01
 184    10.167100   -0.78057910E+01
 185    10.177100   -0.75226303E+01
 186    10.187100   -0.76221481E+01
 187    10.197100   -0.77134560E+01
 188    10.207100   -0.77990214E+01
 189    10.217100   -0.79026748E+01
 190    10.227100   -0.79723838E+01
 191    10.237100   -0.80336104E+01
 192    10.247100   -0.80405745E+01
 193    10.257100   -0.80114176E+01
 194    10.267100   -0.79993923E+01
 195    10.277100   -0.79756214E+01
 196    10.287100   -0.79524421E+01
 197    10.297100   -0.79449127E+01
 198    10.307100   -0.78946583E+01
 199    10.317100   -0.78129111E+01
 200    10.327100   -0.77326753E+01
 201    10.337100   -0.76510543E+01
 202    10.347100   -0.75768974E+01
 203    10.357100   -0.75581617E+01
 204    10.367100   -0.74056067E+01
 205    10.377100   -0.73237510E+01
 206    10.387100   -0.72661330E+01
 207    10.397100   -0.72040627E+01
 208    10.407100   -0.71826676E+01
 209    10.417100   -0.71234218E+01
 210    10.427100   -0.70078891E+01
 211    10.437100   -0.70758850E+01
 212    10.447100   -0.71273264E+01
 213    10.457100   -0.71756711E+01
 214    10.467100   -0.74142681E+01
 215    10.477100   -0.75450832E+01
 216    10.487100   -0.79245308E+01
 217    10.497100   -0.83510723E+01
 218    10.507100   -0.92654395E+01
 219    10.517100   -0.10369071E+02
 220    10.527100   -0.12230087E+02
 221    10.537100   -0.14567058E+02
 222    10.547100   -0.16909027E+02
 223    10.557100   -0.18837333E+02
 224    10.567100   -0.22764221E+02
 225    10.577100   -0.25147190E+02
 226    10.587100   -0.30661223E+02
 227    10.597100   -0.35064514E+02
 228    10.607100   -0.41025747E+02
 229    10.617100   -0.49178808E+02
 230    10.627100   -0.58125652E+02
 231    10.637100   -0.69859073E+02
